18 28
4 2
5 2
6 2
7 2
8 2
9 2
10 2
11 2
12 2
13 2
4 3
5 3
6 3
7 3
8 3
9 3
10 3
11 3
12 3
13 3
12 4
12 5
12 6
13 4
13 5
13 6

4 8
5 8
7 8
8 8
9 8
10 8
11 8
12 8
13 8
4 9
5 9
7 9
8 9
9 9
10 9
11 9
12 9
13 9

4 14
5 14
6 14
7 14
8 14
9 14
10 14
11 14
12 14
13 14
4 15
5 15
6 15
7 15
8 15
9 15
10 15
11 15
12 15
13 15
4 16
4 17
4 18
5 16
5 17
5 18
8 16
8 17
8 18
9 16
9 17
9 18

4 20
5 20
6 20
7 20
8 20
9 20
10 20
11 20
12 20
13 20
4 21
5 21
6 21
7 21
8 21
9 21
10 21
11 21
12 21
13 21
4 22
4 23
4 24
5 22
5 23
5 24
8 22
8 23
8 24
9 22
9 23
9 24
12 22
12 23
12 24
13 22
13 23
13 24